<?xml version="1.0" encoding="UTF-8" standalone="no"?>
<!DOCTYPE svg PUBLIC "-//W3C//DTD SVG 20010904//EN"
              "http://www.w3.org/TR/2001/REC-SVG-20010904/DTD/svg10.dtd">

<svg xmlns="http://www.w3.org/2000/svg"
     width="0.266667in" height="0.266667in"
     viewBox="0 0 24 24">
  <path id="Imported Path"
        fill="none" stroke="black" stroke-width="1"
        d="M 21.00,2.00
           C 21.00,2.00 3.00,2.00 3.00,2.00
             1.90,2.00 1.04,2.17 1.00,4.00
             1.00,4.00 1.00,16.00 1.00,16.00
             1.00,18.00 3.00,18.00 3.00,18.00
             3.00,18.00 10.00,18.00 10.00,18.00
             10.00,18.00 10.00,20.00 10.00,20.00
             10.00,20.00 8.00,20.00 8.00,20.00
             8.00,20.00 8.00,22.00 8.00,22.00
             8.00,22.00 16.00,22.00 16.00,22.00
             16.00,22.00 16.00,20.00 16.00,20.00
             16.00,20.00 14.00,20.00 14.00,20.00
             14.00,20.00 14.00,18.00 14.00,18.00
             14.00,18.00 21.00,18.00 21.00,18.00
             22.10,18.00 23.00,17.10 23.00,16.00
             23.00,16.00 23.00,4.00 23.00,4.00
             23.00,2.90 22.10,2.00 21.00,2.00 Z
           M 21.00,16.00
           C 21.00,16.00 3.00,16.00 3.00,16.00
             3.00,16.00 3.00,4.00 3.00,4.00
             3.00,4.00 21.00,4.00 21.00,4.00
             21.00,4.00 21.00,16.00 21.00,16.00 Z" />
</svg>
