<?xml version="1.0" encoding="UTF-8" standalone="no"?>
<!DOCTYPE svg PUBLIC "-//W3C//DTD SVG 20010904//EN"
              "http://www.w3.org/TR/2001/REC-SVG-20010904/DTD/svg10.dtd">

<svg xmlns="http://www.w3.org/2000/svg"
     width="11.1111in" height="8.33333in"
     viewBox="0 0 800 600">
  <path id="Selection"
        fill="none" stroke="black" stroke-width="1"
        d="M 245.00,442.00
           C 245.00,442.00 245.00,223.00 245.00,223.00
             245.00,223.00 245.00,166.00 245.00,166.00
             245.02,157.36 245.36,157.02 254.00,157.00
             254.00,157.00 306.00,157.00 306.00,157.00
             314.64,157.02 314.98,157.36 315.00,166.00
             315.00,166.00 315.00,372.00 315.00,372.00
             315.00,372.00 502.00,372.00 502.00,372.00
             507.36,371.99 510.25,372.07 515.00,369.03
             528.38,360.47 528.38,343.53 515.00,334.97
             508.77,330.98 502.06,332.00 495.00,332.00
             495.00,332.00 455.00,332.00 455.00,332.00
             455.00,332.00 455.00,267.00 455.00,267.00
             465.28,267.00 480.06,269.38 487.96,261.89
             498.99,251.44 496.77,235.57 483.00,228.69
             479.27,226.82 476.02,227.01 472.00,227.00
             472.00,227.00 414.00,227.00 414.00,227.00
             415.78,233.28 415.00,247.79 415.00,255.00
             415.00,255.00 415.00,308.00 415.00,308.00
             415.00,308.00 415.00,325.00 415.00,325.00
             414.96,326.95 415.10,329.63 413.40,330.98
             411.81,332.23 407.99,332.00 406.00,332.00
             406.00,332.00 357.00,332.00 357.00,332.00
             349.51,331.86 350.01,329.74 350.00,323.00
             350.00,323.00 350.00,196.00 350.00,196.00
             350.00,196.00 350.00,169.00 350.00,169.00
             350.00,166.59 349.60,160.40 351.02,158.60
             352.59,156.62 356.70,157.00 359.00,157.00
             359.00,157.00 485.00,157.00 485.00,157.00
             516.18,157.37 544.48,172.91 557.69,202.00
             562.05,211.60 564.07,222.53 564.82,233.00
             565.06,236.38 564.35,238.71 564.08,242.00
             562.44,262.48 554.21,275.77 541.00,291.00
             587.42,304.13 608.88,362.09 584.55,403.00
             568.44,430.08 542.75,441.95 512.00,442.00
             512.00,442.00 245.00,442.00 245.00,442.00 Z
           M 530.00,173.00
           C 530.00,173.00 529.00,173.00 529.00,173.00
             529.00,173.00 530.00,174.00 530.00,174.00
             530.00,174.00 530.00,173.00 530.00,173.00 Z
           M 540.00,293.00
           C 540.00,293.00 539.00,293.00 539.00,293.00
             539.00,293.00 540.00,294.00 540.00,294.00
             540.00,294.00 540.00,293.00 540.00,293.00 Z
           M 556.00,298.00
           C 556.00,298.00 555.00,298.00 555.00,298.00
             555.00,298.00 556.00,299.00 556.00,299.00
             556.00,299.00 556.00,298.00 556.00,298.00 Z
           M 582.00,323.00
           C 582.00,323.00 581.00,323.00 581.00,323.00
             581.00,323.00 582.00,324.00 582.00,324.00
             582.00,324.00 582.00,323.00 582.00,323.00 Z
           M 516.00,333.00
           C 516.00,333.00 515.00,333.00 515.00,333.00
             515.00,333.00 516.00,334.00 516.00,334.00
             516.00,334.00 516.00,333.00 516.00,333.00 Z
           M 516.00,370.00
           C 516.00,370.00 515.00,370.00 515.00,370.00
             515.00,370.00 516.00,371.00 516.00,371.00
             516.00,371.00 516.00,370.00 516.00,370.00 Z" />
</svg>
