<?xml version="1.0" encoding="UTF-8" standalone="no"?>
<!DOCTYPE svg PUBLIC "-//W3C//DTD SVG 20010904//EN"
              "http://www.w3.org/TR/2001/REC-SVG-20010904/DTD/svg10.dtd">

<svg xmlns="http://www.w3.org/2000/svg"
     width="0.855556in" height="0.711111in"
     viewBox="0 0 77 64">
  <path id="Imported Path #1"
        fill="none" stroke="black" stroke-width="1"
        d="M 58.56,40.42
           C 55.08,40.42 51.82,38.95 48.86,36.55
             48.86,36.55 49.58,33.13 49.58,33.13
             49.58,33.13 49.46,33.13 49.46,33.13
             50.10,29.52 52.14,23.47 58.40,23.47
             63.10,23.47 66.93,27.30 66.93,32.00
             66.91,36.69 63.09,40.51 58.40,40.51
             58.40,40.51 58.56,40.42 58.56,40.42 Z
           M 58.40,14.83
           C 50.40,14.83 44.19,20.04 41.67,28.60
             37.82,22.81 34.90,15.87 33.20,10.02
             33.20,10.02 24.74,10.02 24.74,10.02
             24.74,10.02 24.74,32.45 24.74,32.45
             24.74,36.88 21.13,40.48 16.72,40.48
             12.30,40.48 8.70,36.88 8.70,32.45
             8.70,32.45 8.70,9.92 8.70,9.92
             8.70,9.92 0.08,9.92 0.08,9.92
             0.08,9.92 0.08,32.36 0.08,32.36
             0.05,41.55 7.52,49.09 16.70,49.09
             25.88,49.09 33.35,41.55 33.35,32.36
             33.35,32.36 33.35,28.60 33.35,28.60
             35.03,32.09 37.08,35.62 39.57,38.76
             39.57,38.76 34.29,63.59 34.29,63.59
             34.29,63.59 43.11,63.59 43.11,63.59
             43.11,63.59 46.94,45.58 46.94,45.58
             50.29,47.73 54.14,49.07 58.56,49.07
             68.01,49.07 75.70,41.33 75.70,31.87
             75.70,22.44 68.01,14.74 58.56,14.74
             58.56,14.74 58.40,14.83 58.40,14.83 Z" />
</svg>
